00100000000100010000000000110010
00000000000000001000000000100000
00100000000100100000000000000000
00100010001101001111111111111111
00000010010101000110100000101010
00010001101000000000000000010100
00100000000100110000000000000000
00000010001100100110000000100010
00100001100011001111111111111111
00000010011011000110100000101010
00010001101000000000000000001101
00000000000100110101000010000000
00000010000010100101000000100000
00100010011010110000000000000001
00000000000010110101100010000000
00000010000010110101100000100000
01011101010010000000000000000000
01011101011010010000000000000000
00000001001010000110100000101010
00010001101000000000000000000010
10101101010010010000000000000000
10101101011010000000000000000000
00100010011100110000000000000001
00001000000000000000000000001001
00100010010100100000000000000001
00001000000000000000000000000100
00001000000000000000000000011010